Количество итераций: 77
Число ячеек: 33
Вес пути: 392
   0  1  2  3  4  5  6  7  8  9  10 11 12 13 14 15 16 17 18 19 20 21 22 23 24 25 26 27 28 29 
0  0  1  1  1  0  0  1  0  0  0  1  1  1  1  1  1  0  0  0  0  1  1  1  0  1  1  0  0  0  0  
1  1  1  1  1  1  1  1  0  0  0  0  0  1  1  1  0  0  1  1  1  1  1  1  0  1  0  0  0  1  1  
2  1  1  1  s  0  0  0  0  1  1  1  1  1  1  0  0  0  0  1  1  1  1  1  1  0  0  0  0  1  1  
3  0  0  *  0  0  1  1  1  1  1  1  1  0  1  1  1  0  0  0  1  1  1  1  0  1  1  1  0  0  1  
4  0  *  1  1  0  0  0  1  1  1  0  0  1  1  1  0  1  0  1  1  0  0  1  0  1  0  1  1  1  0  
5  0  1  *  1  1  1  0  0  0  1  1  0  0  1  0  0  1  1  1  1  1  0  1  1  1  0  0  0  1  1  
6  0  *  1  1  0  1  1  1  0  0  1  1  1  0  0  0  0  1  0  0  0  1  1  1  1  1  0  0  0  0  
7  1  *  1  1  0  0  1  1  0  1  0  1  1  0  1  0  0  0  0  0  1  1  1  0  1  1  0  0  0  1  
8  1  0  *  *  *  *  0  1  1  1  1  1  0  0  0  1  0  1  0  1  0  0  0  1  0  1  1  1  1  0  
9  0  0  0  1  1  1  *  1  0  0  0  1  1  1  0  0  0  0  0  0  1  1  1  1  0  0  0  0  0  0  
10 1  1  1  1  1  0  0  *  *  *  1  1  0  1  1  0  0  0  0  0  1  1  0  0  0  1  1  1  1  1  
11 0  0  0  0  1  1  1  1  1  1  *  *  0  1  0  1  0  0  0  1  0  1  1  1  1  1  0  1  0  0  
12 0  1  1  1  0  0  1  1  0  0  1  1  *  *  *  0  0  0  1  1  1  0  1  0  0  0  0  0  0  1  
13 1  1  1  0  0  0  0  0  1  1  1  0  1  0  1  *  *  1  1  *  *  *  0  0  1  1  1  1  0  1  
14 0  1  1  0  1  0  1  1  0  0  1  0  0  0  1  1  1  *  *  1  0  1  *  *  0  1  1  0  0  0  
15 1  0  1  1  1  1  0  0  1  1  0  0  0  1  1  1  0  0  1  1  1  0  1  1  *  0  1  1  1  0  
16 1  1  1  1  0  0  1  0  1  0  1  0  1  0  0  1  1  0  1  0  1  0  1  0  0  *  1  1  0  0  
17 1  1  1  0  1  1  0  0  1  1  1  0  0  0  1  1  0  1  1  0  0  0  1  1  1  0  *  1  1  0  
18 1  1  0  0  0  1  1  0  0  0  1  1  1  1  0  0  1  1  0  0  1  0  0  0  1  1  0  *  0  1  
19 1  0  0  0  1  1  1  0  1  1  1  0  1  1  1  0  0  1  1  1  1  1  1  0  0  1  1  1  e  0  
s - start
e - end
